4 0.65703125 0.55 0.0265625 0.0890625
4 0.69765625 0.5453125 0.02265625 0.0953125
4 0.73203125 0.540625 0.02109375 0.103125
4 0.7734375 0.55 0.03046875 0.153125
4 0.82890625 0.56328125 0.03203125 0.12265625
4 0.80078125 0.53359375 0.0171875 0.11015625
4 0.8140625 0.546875 0.0171875 0.1078125
2 0.12265625 0.4796875 0.13515625 0.18515625
2 0.15390625 0.53203125 0.16953125 0.18828125
7 0.46171875 0.275 0.01640625 0.04375
7 0.65078125 0.3375 0.01875 0.0375
7 0.21796875 0.2640625 0.01953125 0.03984375
7 0.29140625 0.4546875 0.0078125 0.01875
7 0.4515625 0.4640625 0.0078125 0.0203125
2 0.2484375 0.509375 0.028125 0.0546875
2 0.2734375 0.50703125 0.0234375 0.05
2 0.2921875 0.50625 0.01875 0.0484375
2 0.3109375 0.49921875 0.02265625 0.03515625
2 0.328125 0.50078125 0.0140625 0.0375
2 0.3421875 0.4984375 0.0125 0.03359375
2 0.36796875 0.5046875 0.034375 0.04609375
2 0.3953125 0.50078125 0.01875 0.03359375
2 0.4140625 0.49765625 0.01484375 0.01875
2 0.43125 0.50078125 0.01640625 0.025
2 0.4453125 0.4984375 0.0140625 0.0203125
4 0.55390625 0.5296875 0.0171875 0.06953125
4 0.54375 0.5203125 0.0140625 0.05
4 0.57421875 0.52421875 0.0171875 0.05859375
4 0.59140625 0.5234375 0.015625 0.065625
7 0.384375 0.46015625 0.00703125 0.0203125
4 0.6015625 0.52578125 0.01171875 0.05703125