6 0.084375 0.13671875 0.028125 0.0484375
6 0.359375 0.33828125 0.01796875 0.0328125
6 0.4796875 0.38203125 0.02890625 0.01875
6 0.6046875 0.4 0.01953125 0.03046875
6 0.58203125 0.2828125 0.0140625 0.0359375
6 0.5453125 0.43125 0.00859375 0.03125
6 0.46171875 0.48203125 0.01015625 0.02109375
6 0.50234375 0.45625 0.01640625 0.02890625
7 0.13046875 0.1515625 0.02890625 0.0953125
7 0.528125 0.4234375 0.0125 0.0359375
7 0.6171875 0.35546875 0.01953125 0.06875
7 0.6 0.359375 0.01171875 0.05
7 0.5484375 0.2671875 0.01328125 0.053125
7 0.3421875 0.33984375 0.01328125 0.04140625
7 0.44453125 0.3484375 0.0125 0.0484375
6 0.54453125 0.45234375 0.015625 0.01328125
6 0.6234375 0.45546875 0.02421875 0.01015625
6 0.625 0.46953125 0.02109375 0.01328125
4 0.31171875 0.51484375 0.00625 0.02421875
2 0.81015625 0.496875 0.1046875 0.08984375
2 0.9 0.4921875 0.1359375 0.10390625
2 0.4 0.50078125 0.0109375 0.0203125
2 0.415625 0.50078125 0.00703125 0.0171875
2 0.45 0.503125 0.0140625 0.02109375
2 0.46953125 0.5046875 0.0203125 0.02890625
2 0.48359375 0.50546875 0.028125 0.0375
7 0.6390625 0.40546875 0.0125 0.03984375
7 0.659375 0.40546875 0.009375 0.04296875
6 0.00390625 0.37109375 0.00703125 0.025
7 0.04765625 0.43828125 0.00859375 0.03828125
6 0.98671875 0.459375 0.01640625 0.0296875