7 0.25859375 0.2765625 0.01015625 0.05546875
7 0.609375 0.25078125 0.0140625 0.05546875
7 0.74296875 0.4265625 0.021875 0.03671875
7 0.16171875 0.43125 0.01640625 0.02734375
7 0.0640625 0.1296875 0.02421875 0.090625
7 0.271875 0.2796875 0.0140625 0.053125
6 0.178125 0.40078125 0.028125 0.01796875
6 0.1796875 0.384375 0.01640625 0.01796875
6 0.16015625 0.3640625 0.02421875 0.0203125
6 0.72734375 0.40078125 0.028125 0.02265625
6 0.74375 0.37265625 0.0296875 0.02265625
4 0.09375 0.52578125 0.0203125 0.0953125
4 0.07421875 0.5234375 0.01953125 0.1
4 0.2046875 0.50625 0.02421875 0.10234375
4 0.040625 0.5328125 0.0203125 0.0984375
4 0.1875 0.50703125 0.015625 0.090625
4 0.21640625 0.50703125 0.01640625 0.0859375
4 0.66796875 0.478125 0.0109375 0.04609375
4 0.78515625 0.50625 0.02421875 0.06015625
4 0.01484375 0.53046875 0.02421875 0.1140625
4 0.00546875 0.5265625 0.0109375 0.0875
0 0.58671875 0.5140625 0.01796875 0.053125
2 0.39375 0.46171875 0.021875 0.02734375
2 0.3734375 0.46953125 0.0375 0.0484375
2 0.3640625 0.48359375 0.01953125 0.0484375
2 0.34140625 0.48359375 0.04453125 0.0625
2 0.31640625 0.50078125 0.04140625 0.059375
2 0.58359375 0.48046875 0.03359375 0.03203125
2 0.60234375 0.49765625 0.03359375 0.0484375
2 0.61953125 0.50390625 0.04140625 0.05546875
1 0.42890625 0.44140625 0.05078125 0.0578125
2 0.275 0.51015625 0.06953125 0.08125
2 0.646875 0.5203125 0.0625 0.07421875
2 0.47890625 0.66328125 0.29375 0.43125
2 0.8625 0.6546875 0.275 0.521875