6 0.73828125 0.20859375 0.02421875 0.02734375
6 0.7140625 0.18046875 0.01328125 0.01796875
6 0.67578125 0.215625 0.01640625 0.0234375
6 0.67578125 0.2578125 0.02265625 0.03125
6 0.56953125 0.31796875 0.01171875 0.0234375
6 0.290625 0.2453125 0.01015625 0.02421875
6 0.31484375 0.3078125 0.01640625 0.01328125
6 0.43828125 0.271875 0.03046875 0.0296875
7 0.284375 0.30390625 0.0171875 0.03125
7 0.5875 0.309375 0.009375 0.0203125
7 0.3375 0.31484375 0.015625 0.021875
7 0.7125 0.26953125 0.0203125 0.03984375
6 0.58046875 0.275 0.009375 0.01796875
7 0.4984375 0.2375 0.009375 0.03515625
7 0.396875 0.2140625 0.00859375 0.03828125
7 0.40625 0.21171875 0.0140625 0.03828125
7 0.4875 0.23515625 0.0078125 0.02421875
2 0.68828125 0.35625 0.06796875 0.0515625
2 0.23515625 0.3796875 0.0421875 0.05546875
2 0.26796875 0.375 0.05390625 0.04609375
2 0.55234375 0.3625 0.01484375 0.01796875
2 0.53203125 0.35859375 0.03515625 0.01875
2 0.509375 0.3625 0.0125 0.01484375
2 0.4921875 0.3609375 0.02421875 0.03125
7 0.51484375 0.3109375 0.0109375 0.0203125