2 0.43515625 0.3828125 0.009375 0.01640625
2 0.42578125 0.38359375 0.0125 0.02578125
2 0.4171875 0.38828125 0.01328125 0.02734375
2 0.3671875 0.39765625 0.028125 0.05
2 0.35703125 0.403125 0.03203125 0.04609375
2 0.33828125 0.409375 0.03203125 0.05546875
2 0.459375 0.38515625 0.0078125 0.01796875
2 0.465625 0.3875 0.01015625 0.021875
2 0.4875 0.3984375 0.01484375 0.0484375
2 0.50390625 0.4015625 0.03515625 0.0578125
2 0.56484375 0.4375 0.040625 0.121875
2 0.746875 0.3578125 0.03671875 0.03125
2 0.778125 0.4 0.096875 0.11171875
2 0.26484375 0.45546875 0.1578125 0.17734375
2 0.40546875 0.3921875 0.01875 0.02734375
2 0.4515625 0.38359375 0.009375 0.021875
2 0.44375 0.3828125 0.0078125 0.01640625
2 0.51484375 0.40859375 0.046875 0.06484375
2 0.65 0.440625 0.178125 0.24453125
6 0.365625 0.33984375 0.0078125 0.01640625
6 0.5171875 0.31796875 0.0109375 0.01640625
6 0.521875 0.3453125 0.01015625 0.0125
6 0.49140625 0.35859375 0.009375 0.01640625
6 0.478125 0.3671875 0.0078125 0.01796875
2 0.471875 0.390625 0.01015625 0.0234375
7 0.45703125 0.36328125 0.00625 0.0203125