7 0.3375 0.29296875 0.0203125 0.07265625
7 0.3203125 0.290625 0.0125 0.0796875
7 0.45625 0.3484375 0.0140625 0.0515625
6 0.5625 0.3671875 0.01953125 0.04140625
6 0.56875 0.43359375 0.02421875 0.02578125
6 0.69296875 0.22421875 0.0390625 0.0953125
6 0.69921875 0.3125 0.0203125 0.0359375
6 0.715625 0.33359375 0.05078125 0.0359375
6 0.7234375 0.359375 0.053125 0.02890625
7 0.715625 0.40859375 0.02421875 0.0515625
7 0.7375 0.4078125 0.0203125 0.05
7 0.44296875 0.4859375 0.01015625 0.02578125
2 0.85859375 0.56640625 0.090625 0.10390625
2 0.79375 0.55546875 0.0953125 0.1046875
2 0.4640625 0.53984375 0.01640625 0.02578125
2 0.48671875 0.54765625 0.03515625 0.04140625
2 0.51875 0.5671875 0.04921875 0.0640625
2 0.44375 0.53984375 0.0140625 0.02578125
2 0.37421875 0.53671875 0.071875 0.12421875
2 0.30390625 0.571875 0.0609375 0.0796875
7 0.4421875 0.3484375 0.0140625 0.05703125
4 0.63203125 0.5328125 0.015625 0.08515625