7 0.39609375 0.41171875 0.0109375 0.03984375
7 0.38984375 0.409375 0.00859375 0.03046875
7 0.52578125 0.43828125 0.0109375 0.03359375
7 0.40234375 0.4109375 0.00859375 0.03671875
2 0.43125 0.5421875 0.01640625 0.03515625
2 0.41640625 0.55234375 0.01953125 0.02890625
2 0.39296875 0.5640625 0.028125 0.0296875
2 0.44296875 0.53203125 0.0125 0.0203125
2 0.45234375 0.53359375 0.0109375 0.01796875
2 0.325 0.5765625 0.0453125 0.084375
2 0.26484375 0.5859375 0.0953125 0.10859375
2 0.19296875 0.61328125 0.096875 0.12109375
6 0.5234375 0.52421875 0.0078125 0.01796875
2 0.4984375 0.50234375 0.00703125 0.0203125
7 0.45390625 0.49609375 0.00859375 0.01875
2 0.48359375 0.5328125 0.01484375 0.0140625
2 0.51875 0.54453125 0.01015625 0.0203125
2 0.540625 0.546875 0.01953125 0.03203125
2 0.55703125 0.5546875 0.0296875 0.03671875
2 0.50390625 0.5578125 0.02578125 0.04609375
2 0.36171875 0.5765625 0.021875 0.03203125
2 0.4703125 0.57734375 0.0671875 0.09375
2 0.89765625 0.62109375 0.1078125 0.19453125
4 0.5703125 0.56953125 0.01796875 0.0734375
7 0.34296875 0.51875 0.0125 0.0203125
6 0.359375 0.50859375 0.0109375 0.01640625
2 0.08125 0.6484375 0.1609375 0.17109375
2 0.78671875 0.6796875 0.3234375 0.315625