6 0.525 0.2671875 0.01953125 0.01328125
6 0.5125 0.30234375 0.04921875 0.06015625
6 0.53046875 0.346875 0.0109375 0.01796875
2 0.34765625 0.4171875 0.0234375 0.03671875
2 0.4828125 0.39609375 0.021875 0.03671875
2 0.50859375 0.40546875 0.03125 0.04140625
2 0.559375 0.3875 0.02734375 0.0203125
2 0.53046875 0.415625 0.040625 0.071875
2 0.21796875 0.4484375 0.1484375 0.128125
2 0.0890625 0.47265625 0.11328125 0.10859375
2 0.575 0.440625 0.090625 0.11171875
2 0.41328125 0.51328125 0.18203125 0.25234375
2 0.01796875 0.51875 0.03515625 0.109375
1 0.809375 0.3171875 0.38046875 0.43203125