7 0.46875 0.27890625 0.00859375 0.03671875
7 0.60078125 0.26796875 0.00859375 0.0390625
7 0.33203125 0.359375 0.00703125 0.025
7 0.34453125 0.3609375 0.00859375 0.02265625
7 0.6453125 0.3515625 0.0140625 0.02265625
6 0.64296875 0.33046875 0.0125 0.01328125
6 0.6375 0.28359375 0.01640625 0.03203125
6 0.4421875 0.32109375 0.021875 0.03203125
6 0.8796875 0.2671875 0.02734375 0.01796875
7 0.86171875 0.31640625 0.0140625 0.02734375
7 0.84296875 0.3140625 0.00859375 0.02734375
4 0.83828125 0.396875 0.015625 0.053125
4 0.7828125 0.4078125 0.01796875 0.05078125
4 0.7671875 0.403125 0.01796875 0.06953125
4 0.68125 0.3984375 0.015625 0.05546875
4 0.646875 0.39609375 0.0109375 0.05078125
2 0.15859375 0.4125 0.02734375 0.03203125
2 0.290625 0.3921875 0.02421875 0.025
2 0.08046875 0.40390625 0.13125 0.0859375
2 0.36640625 0.39375 0.015625 0.02265625
2 0.37421875 0.3984375 0.015625 0.01796875
2 0.384375 0.396875 0.0109375 0.0203125
2 0.403125 0.39921875 0.0125 0.0203125
2 0.41171875 0.396875 0.0140625 0.025
2 0.425 0.39453125 0.01640625 0.0296875
2 0.440625 0.3984375 0.0203125 0.03203125
2 0.48046875 0.40078125 0.01953125 0.02734375
2 0.55390625 0.39921875 0.0296875 0.0390625
2 0.5703125 0.40390625 0.02734375 0.0484375
2 0.45859375 0.403125 0.028125 0.04609375
2 0.5109375 0.4265625 0.071875 0.09765625
2 0.59140625 0.40390625 0.0453125 0.0484375
2 0.928125 0.40859375 0.06015625 0.0578125