2 0.16875 0.459375 0.01796875 0.053125
2 0.10234375 0.45859375 0.078125 0.08828125
2 0.0421875 0.46953125 0.084375 0.0921875
2 0.2140625 0.415625 0.09296875 0.159375
2 0.46953125 0.42109375 0.021875 0.03203125
2 0.4734375 0.44921875 0.02734375 0.03671875
2 0.5046875 0.45625 0.0390625 0.06015625
2 0.521875 0.4640625 0.05234375 0.0625
2 0.8765625 0.534375 0.17734375 0.26171875
2 0.70078125 0.5546875 0.35390625 0.3875
2 0.9453125 0.578125 0.109375 0.3
2 0.35078125 0.49296875 0.23125 0.359375
4 0.8609375 0.3953125 0.015625 0.03203125
4 0.88515625 0.396875 0.015625 0.034375
2 0.91015625 0.40703125 0.03671875 0.07421875
4 0.98828125 0.43046875 0.021875 0.08359375
6 0.56953125 0.35703125 0.0234375 0.015625
6 0.57109375 0.3828125 0.0140625 0.0203125
6 0.8 0.29453125 0.03125 0.03671875
7 0.0609375 0.03359375 0.021875 0.0578125
7 0.43203125 0.2640625 0.00703125 0.03671875
7 0.57109375 0.2875 0.0140625 0.05078125
7 0.73046875 0.21015625 0.01796875 0.08828125
7 0.74375 0.334375 0.028125 0.04609375
7 0.17265625 0.3859375 0.01796875 0.0296875
7 0.50546875 0.40703125 0.01640625 0.025