6 0.221875 0.33828125 0.0421875 0.07421875
6 0.175 0.39609375 0.0203125 0.034375
6 0.39921875 0.434375 0.01640625 0.05
6 0.47109375 0.39140625 0.009375 0.01875
6 0.659375 0.36796875 0.03359375 0.01953125
6 0.65625 0.40234375 0.03125 0.04921875
6 0.90390625 0.2453125 0.028125 0.03515625
4 0.84140625 0.46015625 0.02734375 0.05703125
2 0.3421875 0.51328125 0.04375 0.05703125
4 0.209375 0.4671875 0.0125 0.0328125
4 0.1859375 0.45859375 0.0140625 0.0453125
4 0.165625 0.45234375 0.01484375 0.03828125
6 0.1421875 0.3859375 0.04296875 0.02734375
2 0.27890625 0.5453125 0.128125 0.175
2 0.04921875 0.82421875 0.09765625 0.28125
2 0.1390625 0.63984375 0.278125 0.33125
2 0.62578125 0.51640625 0.0984375 0.12890625
2 0.73046875 0.53984375 0.18359375 0.2
2 0.87578125 0.61875 0.24765625 0.31171875