6 0.446875 0.440625 0.02109375 0.01328125
6 0.440625 0.45546875 0.03046875 0.028125
6 0.49453125 0.4421875 0.01796875 0.01328125
6 0.48515625 0.4578125 0.03828125 0.028125
6 0.515625 0.48515625 0.0078125 0.01953125
2 0.52109375 0.515625 0.0203125 0.034375
2 0.58359375 0.5 0.028125 0.03203125
2 0.62421875 0.49765625 0.0515625 0.0484375
2 0.55390625 0.51796875 0.04453125 0.06875
2 0.4625 0.48125 0.040625 0.01953125
2 0.93671875 0.54140625 0.1265625 0.15703125
2 0.46015625 0.6 0.1609375 0.2234375
2 0.609375 0.546875 0.10078125 0.1078125
2 0.76328125 0.5265625 0.08828125 0.0875