6 0.14296875 0.315625 0.0140625 0.0171875
6 0.1484375 0.2984375 0.0140625 0.0171875
6 0.6546875 0.265625 0.0203125 0.01015625
6 0.646875 0.23359375 0.01015625 0.015625
6 0.26484375 0.2984375 0.01328125 0.01328125
7 0.3734375 0.24140625 0.00625 0.03046875
7 0.4765625 0.2609375 0.00546875 0.015625
7 0.57421875 0.33125 0.01015625 0.0171875
7 0.6546875 0.3375 0.0140625 0.01875
7 0.43828125 0.2953125 0.00546875 0.01875
2 0.43828125 0.34921875 0.01015625 0.01875
2 0.428125 0.346875 0.02109375 0.0203125
2 0.41015625 0.3375 0.0203125 0.0328125
2 0.403125 0.34140625 0.02109375 0.034375
2 0.39609375 0.353125 0.02421875 0.02578125
2 0.38046875 0.35 0.03359375 0.05546875
2 0.36171875 0.36484375 0.0328125 0.04296875
2 0.35234375 0.3734375 0.021875 0.04609375
2 0.33203125 0.375 0.04296875 0.05703125
2 0.27890625 0.38203125 0.04453125 0.05
2 0.49765625 0.3484375 0.0171875 0.02421875
2 0.5078125 0.35625 0.01953125 0.02890625
2 0.615625 0.43203125 0.07578125 0.1
2 0.625 0.3921875 0.08984375 0.05859375
2 0.44765625 0.35 0.0203125 0.02734375
2 0.39453125 0.41640625 0.07421875 0.12109375
2 0.30546875 0.4125 0.07890625 0.1171875
2 0.534375 0.36328125 0.04453125 0.07734375
2 0.12734375 0.4296875 0.13046875 0.12109375
2 0.021875 0.4625 0.04375 0.11796875
2 0.81484375 0.37421875 0.3703125 0.5421875
4 0.19609375 0.41875 0.021875 0.0953125
4 0.20703125 0.39296875 0.0203125 0.07109375
4 0.21328125 0.38046875 0.01640625 0.0671875
4 0.2328125 0.38828125 0.01328125 0.065625
4 0.25 0.396875 0.0125 0.07265625
4 0.2640625 0.40546875 0.0171875 0.07578125
4 0.06640625 0.38515625 0.0203125 0.05546875
4 0.0421875 0.40625 0.0234375 0.09140625
4 0.56953125 0.37265625 0.0125 0.0515625
4 0.62421875 0.45546875 0.0515625 0.18515625