7 0.47109375 0.33515625 0.01484375 0.065625
7 0.47265625 0.41484375 0.01640625 0.02265625
7 0.5875 0.315625 0.01640625 0.0625
7 0.59375 0.3953125 0.01015625 0.03203125
6 0.61953125 0.196875 0.01953125 0.04375
6 0.459375 0.39609375 0.01015625 0.02421875
2 0.925 0.4921875 0.14765625 0.115625
2 0.1921875 0.5234375 0.07734375 0.07734375
4 0.146875 0.5109375 0.0109375 0.03203125
2 0.23359375 0.51328125 0.02421875 0.0421875
2 0.2484375 0.509375 0.0109375 0.03828125
2 0.259375 0.5078125 0.01953125 0.03515625
2 0.2796875 0.50078125 0.01328125 0.03671875
2 0.29765625 0.50078125 0.0171875 0.02734375
2 0.31015625 0.496875 0.009375 0.01640625
2 0.31875 0.49453125 0.009375 0.02109375
2 0.33125 0.49453125 0.009375 0.01171875
2 0.38203125 0.484375 0.05859375 0.096875