2 0.1296875 0.63203125 0.25703125 0.3390625
2 0.2453125 0.5578125 0.04765625 0.08984375
2 0.31171875 0.54921875 0.09765625 0.13515625
2 0.3921875 0.5265625 0.0375 0.06171875
2 0.45078125 0.5265625 0.046875 0.07265625
2 0.41640625 0.525 0.0171875 0.03046875
2 0.6 0.50078125 0.04140625 0.0484375
2 0.778125 0.4765625 0.0359375 0.05546875
6 0.56171875 0.4234375 0.01953125 0.0359375
6 0.5625 0.3890625 0.021875 0.021875
6 0.5859375 0.36796875 0.01171875 0.021875
6 0.58828125 0.39609375 0.0140625 0.021875
6 0.5875 0.4171875 0.0140625 0.0203125