2 0.3796875 0.525 0.009375 0.01796875
2 0.4734375 0.5140625 0.009375 0.01796875
2 0.47890625 0.51953125 0.009375 0.021875
2 0.48515625 0.52265625 0.009375 0.02421875
2 0.4953125 0.5234375 0.01484375 0.02578125
2 0.5296875 0.53671875 0.015625 0.03359375
2 0.546875 0.53984375 0.0375 0.03359375
2 0.7421875 0.57890625 0.08984375 0.146875
2 0.39453125 0.52578125 0.01328125 0.01796875
2 0.34765625 0.53125 0.01796875 0.0296875
2 0.31640625 0.53046875 0.03359375 0.04609375
2 0.33828125 0.5296875 0.01484375 0.021875
2 0.46640625 0.51875 0.01328125 0.02421875
2 0.50546875 0.528125 0.02421875 0.02734375
2 0.63203125 0.58203125 0.15234375 0.19296875
2 0.04140625 0.5859375 0.08125 0.09921875
2 0.98515625 0.71796875 0.02890625 0.1671875
2 0.12734375 0.5421875 0.05234375 0.04296875
2 0.37109375 0.52734375 0.0125 0.02109375
2 0.40390625 0.521875 0.00546875 0.015625
2 0.41015625 0.51953125 0.0078125 0.015625
2 0.4234375 0.51640625 0.0078125 0.0171875
2 0.43359375 0.51484375 0.01171875 0.02109375