2 0.625 0.57578125 0.2421875 0.2390625
2 0.125 0.5015625 0.0421875 0.0640625
2 0.18515625 0.49765625 0.0296875 0.03671875
2 0.096875 0.490625 0.028125 0.04296875
2 0.46015625 0.55234375 0.140625 0.14765625
2 0.378125 0.534375 0.10859375 0.1265625
2 0.21328125 0.48046875 0.04453125 0.01953125
2 0.02265625 0.4640625 0.025 0.02734375
6 0.42734375 0.4078125 0.01875 0.0296875
6 0.30625 0.43359375 0.01640625 0.02265625
6 0.21953125 0.45625 0.0125 0.0171875
7 0.13828125 0.41796875 0.00625 0.02578125
7 0.08046875 0.46015625 0.00625 0.02109375