6 0.26328125 0.4671875 0.02578125 0.01875
6 0.7125 0.459375 0.02109375 0.0171875
6 0.7109375 0.428125 0.0203125 0.0484375
6 0.33828125 0.4828125 0.01953125 0.015625
7 0.2609375 0.49296875 0.0125 0.0203125
7 0.2703125 0.44140625 0.0078125 0.03984375
6 0.25859375 0.40859375 0.01953125 0.053125
7 0.34765625 0.496875 0.00859375 0.01875
7 0.4046875 0.42578125 0.009375 0.0328125
7 0.6125 0.4 0.0078125 0.0359375
7 0.60234375 0.3984375 0.01015625 0.0328125
7 0.396875 0.428125 0.00859375 0.03125
6 0.38203125 0.4265625 0.01015625 0.0203125
4 0.30078125 0.53359375 0.0125 0.03984375
4 0.28984375 0.5609375 0.01328125 0.0640625
4 0.275 0.55625 0.01796875 0.07421875
4 0.66875 0.54609375 0.01328125 0.07578125
4 0.75703125 0.54140625 0.01640625 0.07265625
2 0.2296875 0.54140625 0.04140625 0.04140625
2 0.19765625 0.53515625 0.0234375 0.0359375
2 0.171875 0.54140625 0.04296875 0.0375
2 0.68046875 0.52890625 0.02890625 0.04453125
2 0.715625 0.525 0.02578125 0.046875
2 0.7546875 0.5359375 0.053125 0.0515625
2 0.86796875 0.4984375 0.03125 0.01875
2 0.965625 0.53984375 0.06875 0.07890625
2 0.86953125 0.625 0.25390625 0.23515625
2 0.090625 0.671875 0.18125 0.54296875
7 0.703125 0.47890625 0.021875 0.02265625
2 0.4953125 0.63984375 0.33984375 0.48203125