7 0.59296875 0.5078125 0.00546875 0.01484375
7 0.54375 0.51640625 0.00390625 0.01484375
7 0.540625 0.51640625 0.0046875 0.01484375
2 0.546875 0.55234375 0.0109375 0.01484375
2 0.53359375 0.55 0.0171875 0.025
2 0.59609375 0.546875 0.01328125 0.025
2 0.60625 0.5484375 0.0171875 0.0453125
2 0.62421875 0.55390625 0.04296875 0.06953125
2 0.409375 0.57265625 0.02890625 0.059375
2 0.37421875 0.578125 0.0609375 0.0859375
2 0.309375 0.5953125 0.090625 0.0984375
2 0.15859375 0.61171875 0.23125 0.18125
2 0.4765625 0.575 0.11328125 0.15625
2 0.6609375 0.57890625 0.0703125 0.090625
6 0.7609375 0.36640625 0.02578125 0.05234375
6 0.72734375 0.38046875 0.02578125 0.01484375
6 0.72265625 0.39921875 0.0140625 0.021875
6 0.715625 0.4296875 0.03515625 0.021875
6 0.603125 0.5078125 0.01015625 0.0078125
2 0.88125 0.71640625 0.23671875 0.48515625