2 0.39140625 0.29765625 0.015625 0.03203125
2 0.3796875 0.31015625 0.015625 0.071875
2 0.35703125 0.31328125 0.0359375 0.0890625
2 0.3421875 0.3203125 0.046875 0.09765625
2 0.3140625 0.33515625 0.04375 0.109375
2 0.22734375 0.334375 0.14609375 0.196875
2 0.490625 0.309375 0.02109375 0.03203125
2 0.46328125 0.29765625 0.03203125 0.0625
2 0.51875 0.29921875 0.0375 0.07265625
2 0.5546875 0.3171875 0.0578125 0.0875
2 0.42890625 0.32890625 0.0640625 0.10234375
2 0.090625 0.3515625 0.17890625 0.38828125
4 0.640625 0.32109375 0.015625 0.07578125
4 0.659375 0.32578125 0.01328125 0.06015625
4 0.6625 0.3234375 0.0125 0.05703125
4 0.715625 0.33828125 0.01328125 0.08046875
4 0.728125 0.328125 0.0140625 0.0859375
4 0.74296875 0.325 0.0125 0.08359375
4 0.771875 0.3203125 0.02421875 0.0921875
4 0.803125 0.3375 0.03203125 0.1171875
0 0.85078125 0.3984375 0.04296875 0.090625
4 0.74765625 0.36328125 0.04140625 0.1375
7 0.465625 0.2390625 0.01171875 0.025
7 0.39375 0.25078125 0.00703125 0.0265625
6 0.31171875 0.1859375 0.01640625 0.05859375
7 0.37734375 0.253125 0.00625 0.01875
4 0.59375 0.315625 0.01328125 0.05390625
4 0.58515625 0.3234375 0.0125 0.05234375
4 0.64765625 0.3390625 0.01640625 0.08203125
6 0.90546875 0.1875 0.015625 0.0265625
2 0.96484375 0.3265625 0.06875 0.071875