0 0.74453125 0.79453125 0.0796875 0.096875
0 0.6109375 0.7125 0.07265625 0.1453125
0 0.48046875 0.65859375 0.05 0.11328125
0 0.503125 0.67734375 0.06796875 0.11875
0 0.5359375 0.6828125 0.078125 0.13671875
2 0.07421875 0.56796875 0.01953125 0.0234375
2 0.0203125 0.57109375 0.021875 0.02109375
2 0.09921875 0.56796875 0.0234375 0.0234375
2 0.11640625 0.56796875 0.01171875 0.0234375
2 0.1265625 0.56796875 0.009375 0.015625
4 0.3953125 0.56640625 0.009375 0.046875
4 0.41171875 0.56171875 0.01015625 0.04140625
4 0.403125 0.5640625 0.00703125 0.0453125
4 0.4078125 0.61328125 0.0265625 0.08515625
4 0.43359375 0.6171875 0.03203125 0.1078125
4 0.3078125 0.5703125 0.00859375 0.03984375
0 0.61953125 0.6859375 0.078125 0.196875