6 0.58828125 0.51328125 0.03515625 0.01953125
6 0.56640625 0.53203125 0.07890625 0.03515625
6 0.35546875 0.48671875 0.02890625 0.01953125
6 0.3765625 0.5265625 0.0703125 0.0734375
6 0.2765625 0.490625 0.0296875 0.01953125
6 0.29375 0.5265625 0.06640625 0.059375
6 0.5640625 0.6234375 0.0125 0.0234375
2 0.03359375 0.6015625 0.0625 0.10234375
2 0.05859375 0.65 0.11328125 0.078125
2 0.16875 0.6484375 0.1171875 0.0640625
1 0.23828125 0.62890625 0.10390625 0.06171875
2 0.26328125 0.65078125 0.05625 0.0453125
2 0.296875 0.65625 0.02734375 0.03046875
2 0.38046875 0.659375 0.03125 0.0328125
2 0.41015625 0.65703125 0.025 0.0234375
2 0.43203125 0.65703125 0.0171875 0.01953125
2 0.51484375 0.65 0.015625 0.01484375
2 0.52109375 0.66015625 0.01875 0.021875
2 0.55078125 0.67265625 0.01953125 0.028125
2 0.57265625 0.67421875 0.03515625 0.04375
2 0.59375 0.68515625 0.03828125 0.04375
2 0.6609375 0.7 0.06484375 0.0671875
2 0.8890625 0.74140625 0.2 0.146875
2 0.4859375 0.70390625 0.0640625 0.0921875
2 0.33828125 0.70078125 0.09375 0.1203125
2 0.53125 0.67734375 0.02265625 0.0390625