7 0.4984375 0.09140625 0.0125 0.06953125
7 0.7140625 0.30078125 0.01953125 0.0296875
7 0.7015625 0.30078125 0.01015625 0.0296875
7 0.02421875 0.0375 0.02734375 0.06953125
7 0.5171875 0.09453125 0.01640625 0.0625
6 0.92109375 0.24375 0.0109375 0.05546875
6 0.69296875 0.21171875 0.03203125 0.0203125
6 0.6984375 0.125 0.03125 0.025
4 0.1109375 0.3921875 0.01640625 0.08125
4 0.0875 0.38984375 0.021875 0.0671875
4 0.67421875 0.3515625 0.0109375 0.05546875
4 0.06953125 0.54921875 0.12109375 0.41875
2 0.2453125 0.36171875 0.07578125 0.0578125
2 0.190625 0.38125 0.05859375 0.0234375
2 0.2671875 0.36640625 0.0640625 0.0578125
2 0.34140625 0.34921875 0.07578125 0.04609375
2 0.32734375 0.421875 0.09296875 0.17734375
2 0.58515625 0.35390625 0.02578125 0.04140625
2 0.2078125 0.51875 0.259375 0.259375
2 0.47578125 0.49296875 0.25 0.39140625
2 0.90390625 0.46484375 0.1921875 0.1328125
6 0.56015625 0.109375 0.02421875 0.04453125
6 0.71328125 0.27109375 0.02734375 0.015625