7 0.690625 0.3625 0.01171875 0.01875
7 0.65234375 0.365625 0.0140625 0.02109375
7 0.640625 0.36328125 0.0140625 0.02109375
7 0.3921875 0.26640625 0.015625 0.02578125
6 0.6953125 0.37109375 0.01953125 0.015625
6 0.68515625 0.3625 0.0171875 0.01328125
6 0.39609375 0.240625 0.025 0.01875
6 0.71796875 0.3 0.05546875 0.02109375
6 0.71484375 0.31640625 0.05390625 0.0234375
6 0.978125 0.24296875 0.0265625 0.05234375
6 0.9875 0.28203125 0.02265625 0.0328125
2 0.68984375 0.39609375 0.01953125 0.01875
2 0.68203125 0.3953125 0.01328125 0.02109375
2 0.6625 0.39375 0.01171875 0.01875
2 0.65234375 0.3953125 0.015625 0.02109375
2 0.640625 0.39765625 0.01171875 0.02109375
2 0.63203125 0.40234375 0.0140625 0.02109375
2 0.6703125 0.40390625 0.0140625 0.0234375
2 0.7171875 0.4234375 0.046875 0.08046875
2 0.746875 0.42265625 0.0171875 0.04296875
2 0.346875 0.38125 0.05859375 0.04375
2 0.296875 0.37578125 0.05703125 0.0453125
2 0.2171875 0.353125 0.04140625 0.028125
2 0.24609375 0.384375 0.05703125 0.04765625
2 0.20703125 0.37734375 0.04296875 0.06171875
2 0.1625 0.353125 0.046875 0.0328125
2 0.13203125 0.36875 0.05546875 0.03515625
2 0.1484375 0.38828125 0.090625 0.07421875
2 0.053125 0.3859375 0.10625 0.115625
2 0.6203125 0.39765625 0.0171875 0.03046875
2 0.60625 0.40390625 0.0171875 0.0234375
2 0.58828125 0.409375 0.03046875 0.03515625