7 0.41171875 0.3625 0.0125 0.040625
7 0.7453125 0.32578125 0.01484375 0.03984375
7 0.771875 0.346875 0.03046875 0.05234375
6 0.7734375 0.29140625 0.03671875 0.05234375
7 0.29609375 0.45546875 0.0125 0.02265625
7 0.68125 0.4734375 0.01015625 0.01640625
2 0.45625 0.53671875 0.0484375 0.05234375
2 0.5390625 0.56796875 0.21015625 0.1359375
2 0.80546875 0.66171875 0.3890625 0.4765625
6 0.76796875 0.41015625 0.0390625 0.0421875
2 0.34765625 0.61171875 0.209375 0.31640625
2 0.0859375 0.60625 0.171875 0.28515625
7 0.13125 0.37109375 0.0140625 0.0578125
7 0.684375 0.31015625 0.0203125 0.0625
7 0.77265625 0.16640625 0.04140625 0.10703125