6 0.2203125 0.3296875 0.01171875 0.02890625
6 0.2203125 0.35390625 0.0171875 0.021875
6 0.63046875 0.36875 0.02421875 0.01328125
6 0.66796875 0.3609375 0.00859375 0.01875
6 0.671875 0.38125 0.01015625 0.02421875
2 0.62265625 0.47734375 0.06328125 0.11953125
6 0.33359375 0.43125 0.009375 0.0203125
7 0.6109375 0.37265625 0.00859375 0.02734375
7 0.60390625 0.3734375 0.009375 0.02578125
4 0.32265625 0.46328125 0.009375 0.03984375
4 0.275 0.47109375 0.0140625 0.06171875
2 0.22890625 0.4859375 0.1015625 0.1234375
2 0.46015625 0.5875 0.34765625 0.4609375
2 0.82421875 0.43359375 0.35078125 0.6875
4 0.15390625 0.4796875 0.01796875 0.04609375