2 0.03359375 0.49375 0.0671875 0.04609375
2 0.06875 0.4796875 0.06640625 0.04609375
1 0.1609375 0.453125 0.12890625 0.0953125
2 0.24453125 0.46796875 0.0375 0.02734375
2 0.25625 0.4484375 0.03203125 0.034375
2 0.34765625 0.45625 0.028125 0.02734375
2 0.325 0.45078125 0.021875 0.0296875
2 0.375 0.446875 0.021875 0.02734375
2 0.35859375 0.43515625 0.015625 0.01328125
2 0.071875 0.42578125 0.03515625 0.01796875
2 0.040625 0.425 0.01796875 0.015625
2 0.02109375 0.4296875 0.01796875 0.015625
2 0.00546875 0.42734375 0.0109375 0.0203125
2 0.98125 0.51171875 0.0375 0.13203125
6 0.696875 0.26640625 0.11171875 0.09765625
6 0.734375 0.20703125 0.03671875 0.0296875
2 0.4046875 0.446875 0.0203125 0.01796875
2 0.44453125 0.43515625 0.01640625 0.01796875
2 0.4578125 0.4375 0.0109375 0.01328125
2 0.51796875 0.45234375 0.02578125 0.0390625
2 0.59296875 0.4640625 0.0453125 0.06953125
2 0.5671875 0.45625 0.021875 0.0390625
2 0.55 0.44296875 0.0140625 0.03203125
2 0.5390625 0.4328125 0.01015625 0.025
2 0.63515625 0.46328125 0.0390625 0.0578125
2 0.665625 0.45 0.0203125 0.03203125
6 0.63125 0.3921875 0.02578125 0.02265625
6 0.59609375 0.3953125 0.021875 0.0203125
6 0.60390625 0.39765625 0.00859375 0.0203125
2 0.48671875 0.4296875 0.0109375 0.01328125