2 0.6625 0.4265625 0.08984375 0.1484375
2 0.609375 0.38515625 0.0203125 0.07421875
2 0.58984375 0.38671875 0.01796875 0.0484375
2 0.55859375 0.38984375 0.0578125 0.08359375
2 0.44609375 0.4078125 0.04296875 0.053125
2 0.51015625 0.45390625 0.12578125 0.16171875
4 0.915625 0.409375 0.040625 0.18203125
4 0.86015625 0.40703125 0.03515625 0.14921875
4 0.82578125 0.40703125 0.01953125 0.13046875
4 0.79453125 0.40625 0.0234375 0.128125
4 0.36953125 0.396875 0.021875 0.09921875
7 0.534375 0.28671875 0.0171875 0.02578125
7 0.57890625 0.29765625 0.0109375 0.02734375
7 0.56953125 0.33984375 0.009375 0.01640625
7 0.6 0.35546875 0.0140625 0.01328125
7 0.59765625 0.3375 0.0109375 0.02421875
2 0.10390625 0.45625 0.109375 0.13046875
6 0.3765625 0.06640625 0.015625 0.02734375