6 0.5765625 0.3171875 0.0140625 0.0359375
6 0.6328125 0.275 0.01796875 0.015625
6 0.62734375 0.30546875 0.0109375 0.03125
7 0.3421875 0.2484375 0.0078125 0.03984375
7 0.484375 0.23828125 0.00859375 0.03671875
2 0.48828125 0.3765625 0.05 0.1109375
2 0.43359375 0.3625 0.06171875 0.10234375
2 0.15625 0.36015625 0.31171875 0.7203125
2 0.33359375 0.43046875 0.028125 0.04453125
2 0.39609375 0.390625 0.0109375 0.02265625
2 0.36875 0.43828125 0.04609375 0.08671875
2 0.52890625 0.3828125 0.0234375 0.0265625
2 0.53046875 0.40234375 0.01796875 0.03046875
2 0.54921875 0.40625 0.0421875 0.0515625
2 0.7609375 0.403125 0.0703125 0.0609375
2 0.88515625 0.421875 0.2296875 0.240625
2 0.42265625 0.4703125 0.1125 0.16640625
2 0.67578125 0.48828125 0.23203125 0.25
2 0.50546875 0.409375 0.03984375 0.0875