2 0.40546875 0.4421875 0.01953125 0.02421875
2 0.3765625 0.43203125 0.02109375 0.01171875
2 0.3578125 0.44765625 0.01875 0.02421875
2 0.33828125 0.4421875 0.02109375 0.0421875
2 0.2203125 0.46796875 0.06640625 0.08515625
2 0.47109375 0.44375 0.0359375 0.04609375
2 0.8046875 0.428125 0.04140625 0.028125
2 0.85625 0.4578125 0.1125 0.08515625
2 0.384375 0.453125 0.0234375 0.028125
2 0.43359375 0.45859375 0.0578125 0.07265625
2 0.27109375 0.4421875 0.04375 0.07421875
2 0.096875 0.46484375 0.18984375 0.190625
2 0.6453125 0.4234375 0.32265625 0.39296875
2 0.91953125 0.50546875 0.1609375 0.1890625
2 0.31953125 0.44921875 0.0375 0.04609375
2 0.04609375 0.39921875 0.04296875 0.04296875