6 0.79765625 0.146875 0.03671875 0.04609375
4 0.05234375 0.425 0.040625 0.146875
4 0.03046875 0.43515625 0.0203125 0.13515625
2 0.41328125 0.3765625 0.01640625 0.03203125
2 0.40625 0.38359375 0.015625 0.03203125
2 0.3890625 0.38984375 0.0203125 0.04375
2 0.37890625 0.4015625 0.0140625 0.0484375
2 0.35859375 0.40234375 0.03671875 0.06484375
2 0.33046875 0.41796875 0.065625 0.07265625
2 0.4515625 0.38125 0.0109375 0.02734375
2 0.46171875 0.38046875 0.0125 0.0390625
2 0.46875 0.39453125 0.01953125 0.0484375
2 0.484375 0.38984375 0.02734375 0.0578125
2 0.49140625 0.4015625 0.028125 0.0625
2 0.4984375 0.4109375 0.0203125 0.0578125
2 0.509375 0.4203125 0.021875 0.071875
2 0.6203125 0.44453125 0.2328125 0.28046875
2 0.7484375 0.4015625 0.028125 0.0671875
2 0.809375 0.41875 0.12578125 0.12109375
2 0.85390625 0.540625 0.2921875 0.3015625