2 0.1203125 0.51171875 0.240625 0.2765625
2 0.45078125 0.53984375 0.15546875 0.16640625
2 0.6375 0.559375 0.1328125 0.1296875
2 0.57578125 0.5578125 0.0734375 0.12265625
2 0.5453125 0.56875 0.0390625 0.096875
2 0.8453125 0.50546875 0.309375 0.259375
2 0.28046875 0.5734375 0.06875 0.075
2 0.36796875 0.53359375 0.03671875 0.10390625
7 0.3703125 0.41015625 0.01015625 0.0359375
7 0.46796875 0.4265625 0.00703125 0.03203125
7 0.36171875 0.40859375 0.00703125 0.021875
7 0.46015625 0.425 0.0078125 0.021875
7 0.24921875 0.49140625 0.0140625 0.0234375
7 0.31875 0.5046875 0.0109375 0.021875
6 0.2609375 0.4671875 0.0234375 0.015625
6 0.71953125 0.3765625 0.02578125 0.02734375