1 0.278125 0.33515625 0.06640625 0.1078125
2 0.3890625 0.325 0.01171875 0.01953125
1 0.37890625 0.3109375 0.11015625 0.0640625
2 0.3640625 0.32890625 0.04140625 0.0328125
2 0.40625 0.3296875 0.02734375 0.03515625
2 0.43359375 0.29765625 0.01640625 0.03828125
1 0.11796875 0.125 0.2359375 0.03671875
2 0.45 0.096875 0.19375 0.059375
2 0.6359375 0.1125 0.01640625 0.00703125
6 0.25546875 0.16484375 0.0265625 0.0421875
6 0.57890625 0.128125 0.01953125 0.04375
6 0.5796875 0.23046875 0.02265625 0.0171875
6 0.5828125 0.24609375 0.0125 0.015625
6 0.56171875 0.2265625 0.0140625 0.02890625
6 0.5625 0.25234375 0.0140625 0.01640625
6 0.56171875 0.26953125 0.0140625 0.02421875
6 0.528125 0.25390625 0.01640625 0.02109375
6 0.71328125 0.21015625 0.0234375 0.0375
6 0.71328125 0.27421875 0.00859375 0.01875
6 0.74921875 0.178125 0.025 0.0296875
6 0.75703125 0.19765625 0.0140625 0.01640625
6 0.8328125 0.121875 0.0140625 0.0453125
6 0.8328125 0.1578125 0.01640625 0.02265625
6 0.6875 0.0203125 0.01953125 0.034375
6 0.4109375 0.14453125 0.009375 0.015625
6 0.365625 0.1859375 0.00703125 0.01328125
6 0.2578125 0.134375 0.0140625 0.0140625
6 0.26171875 0.19453125 0.01171875 0.01640625
6 0.259375 0.22265625 0.02890625 0.0203125
6 0.26015625 0.25 0.03359375 0.03828125
6 0.2640625 0.28671875 0.02421875 0.0265625
6 0.6796875 0.18515625 0.08046875 0.084375
6 0.42734375 0.25078125 0.0078125 0.015625
7 0.6828125 0.11953125 0.01796875 0.08359375
7 0.27890625 0.26953125 0.00546875 0.0171875
7 0.66328125 0.1984375 0.03125 0.0390625
7 0.41953125 0.25078125 0.00546875 0.0171875
7 0.4359375 0.26171875 0.00546875 0.0125
7 0.43359375 0.2625 0.00390625 0.0140625
6 0.46015625 0.259375 0.01484375 0.01015625
6 0.47890625 0.27265625 0.00625 0.0125
6 0.48046875 0.28359375 0.00546875 0.0109375
2 0.51640625 0.3 0.0109375 0.0171875
2 0.4703125 0.30625 0.0296875 0.025
2 0.45703125 0.30234375 0.0125 0.01484375
2 0.45234375 0.2984375 0.01171875 0.0171875
7 0.41484375 0.25078125 0.00546875 0.0171875
7 0.3515625 0.26875 0.00390625 0.0125