7 0.5046875 0.21171875 0.0125 0.0484375
7 0.51484375 0.20859375 0.0109375 0.05078125
7 0.43046875 0.271875 0.0140625 0.05078125
7 0.6546875 0.03125 0.02734375 0.0625
7 0.68359375 0.0234375 0.02734375 0.04609375
7 0.82421875 0.3 0.0125 0.03203125
7 0.52265625 0.21328125 0.0109375 0.05078125
7 0.484375 0.21328125 0.0140625 0.06015625
6 0.43515625 0.1921875 0.028125 0.05546875
6 0.43984375 0.29765625 0.03203125 0.08359375
6 0.44296875 0.3515625 0.0234375 0.03203125
6 0.7265625 0.3703125 0.0125 0.02734375
6 0.71796875 0.35 0.0140625 0.0203125
6 0.7234375 0.31484375 0.015625 0.0390625
6 0.80078125 0.36796875 0.0109375 0.02734375
7 0.9953125 0.2984375 0.00859375 0.034375
7 0.97265625 0.35859375 0.01015625 0.02265625
2 0.77578125 0.42421875 0.02421875 0.02265625
2 0.76015625 0.42734375 0.02734375 0.0390625
2 0.7359375 0.4265625 0.02578125 0.03671875
2 0.79765625 0.43984375 0.046875 0.04453125
2 0.9171875 0.4109375 0.01640625 0.025
2 0.8890625 0.41484375 0.04296875 0.03203125
2 0.928125 0.41796875 0.0234375 0.0296875
2 0.9546875 0.41484375 0.01640625 0.02734375
2 0.975 0.4109375 0.02734375 0.034375
2 0.99296875 0.415625 0.0140625 0.053125
2 0.9953125 0.46015625 0.00859375 0.1234375
2 0.4796875 0.409375 0.2078125 0.278125
2 0.609375 0.471875 0.1671875 0.146875