7 0.66484375 0.35703125 0.0109375 0.02265625
7 0.5828125 0.3265625 0.0125 0.02734375
7 0.6453125 0.45234375 0.01171875 0.02578125
7 0.48203125 0.425 0.00859375 0.0140625
7 0.23828125 0.3859375 0.01015625 0.02421875
7 0.3796875 0.36171875 0.01484375 0.02421875
7 0.5703125 0.34453125 0.0125 0.02265625
7 0.76875 0.321875 0.01328125 0.03984375
6 0.37265625 0.409375 0.01953125 0.01875
6 0.5296875 0.434375 0.009375 0.01953125
6 0.75078125 0.346875 0.03125 0.05859375
2 0.48828125 0.4640625 0.01875 0.02265625
2 0.471875 0.46640625 0.01484375 0.02578125
2 0.4546875 0.465625 0.0359375 0.0671875
2 0.496875 0.475 0.0203125 0.028125
2 0.5140625 0.4890625 0.0359375 0.0484375
2 0.23046875 0.47578125 0.07265625 0.0640625
2 0.065625 0.465625 0.13125 0.1125
3 0.85625 0.525 0.14609375 0.2515625
2 0.765625 0.51875 0.02578125 0.028125
2 0.6875 0.69609375 0.4015625 0.43359375
2 0.9625 0.78359375 0.075 0.26640625
4 0.36640625 0.4875 0.01953125 0.08984375
4 0.4 0.47109375 0.01171875 0.0453125
0 0.36171875 0.5546875 0.0828125 0.12109375