2 0.8109375 0.4734375 0.025 0.0375
2 0.790625 0.4734375 0.0125 0.02890625
2 0.7796875 0.47578125 0.0296875 0.0546875
2 0.7609375 0.484375 0.03203125 0.05859375
2 0.74921875 0.49375 0.028125 0.05703125
2 0.73515625 0.4984375 0.03671875 0.0609375
2 0.696875 0.4984375 0.075 0.09921875
2 0.665625 0.515625 0.065625 0.1078125
2 0.6 0.51953125 0.12578125 0.1765625
2 0.48671875 0.56484375 0.2515625 0.2265625
2 0.14921875 0.64453125 0.29765625 0.4640625
2 0.83203125 0.46171875 0.0140625 0.01875
2 0.846875 0.4671875 0.0125 0.025
2 0.88359375 0.4609375 0.06953125 0.12265625
2 0.89609375 0.496875 0.02734375 0.06328125
2 0.928125 0.5046875 0.06171875 0.09921875
2 0.92890625 0.528125 0.05078125 0.09921875
2 0.96171875 0.534375 0.06171875 0.11640625
2 0.97734375 0.5546875 0.0453125 0.1875