6 0.93671875 0.165625 0.04296875 0.11640625
6 0.9328125 0.275 0.046875 0.1140625
6 0.75078125 0.46796875 0.0453125 0.07890625
7 0.440625 0.40859375 0.00859375 0.034375
7 0.44765625 0.41171875 0.00859375 0.03203125
7 0.3171875 0.4796875 0.01796875 0.02265625
6 0.9375 0.37421875 0.0296875 0.09296875
6 0.93671875 0.43046875 0.02578125 0.02265625
6 0.29140625 0.46796875 0.01796875 0.04140625
7 0.59375 0.446875 0.0109375 0.02734375
7 0.65703125 0.4796875 0.00625 0.02265625
2 0.60234375 0.53984375 0.01015625 0.025
2 0.60859375 0.55390625 0.01015625 0.0296875
2 0.61640625 0.55625 0.01015625 0.0296875
2 0.625 0.5515625 0.015625 0.04375
2 0.6375 0.56796875 0.0234375 0.0484375
2 0.65390625 0.57109375 0.021875 0.06953125
2 0.66640625 0.5921875 0.03515625 0.09765625
2 0.56484375 0.5171875 0.05078125 0.090625
2 0.778125 0.6359375 0.171875 0.1890625
2 0.9109375 0.740625 0.17734375 0.32890625
2 0.53828125 0.57109375 0.0375 0.1
2 0.50859375 0.5921875 0.07578125 0.1609375
2 0.4234375 0.6359375 0.19609375 0.28515625
2 0.18515625 0.49296875 0.36953125 0.5703125
2 0.56328125 0.55703125 0.0453125 0.07421875
2 0.71328125 0.59921875 0.0859375 0.1453125