2 0.11171875 0.20859375 0.21875 0.26953125
6 0.396875 0.0921875 0.0109375 0.03984375
6 0.4203125 0.1484375 0.009375 0.02421875
6 0.57578125 0.1609375 0.01328125 0.01796875
2 0.915625 0.28125 0.16640625 0.3171875
2 0.83828125 0.2390625 0.17265625 0.178125
2 0.59375 0.27109375 0.1359375 0.18515625
2 0.4859375 0.203125 0.0265625 0.03203125
2 0.6921875 0.20390625 0.01796875 0.02265625
2 0.5078125 0.203125 0.0171875 0.02265625
2 0.5375 0.2015625 0.02109375 0.02578125
2 0.52109375 0.1984375 0.0171875 0.02890625
2 0.659375 0.2 0.02109375 0.02890625
2 0.6859375 0.1984375 0.01640625 0.02265625
2 0.67734375 0.196875 0.009375 0.01328125