6 0.33671875 0.41171875 0.01328125 0.03984375
6 0.690625 0.425 0.01640625 0.04609375
6 0.17265625 0.33515625 0.03125 0.0953125
6 0.17421875 0.3921875 0.02421875 0.02890625
7 0.87109375 0.44609375 0.01953125 0.05
7 0.62890625 0.428125 0.0125 0.04140625
7 0.6453125 0.409375 0.02109375 0.05703125
7 0.8515625 0.446875 0.0203125 0.0515625
2 0.228125 0.53125 0.234375 0.23828125
2 0.77890625 0.56875 0.1359375 0.096875
6 0.61953125 0.484375 0.01796875 0.0296875
6 0.684375 0.51875 0.0078125 0.0359375
6 0.33046875 0.4125 0.01640625 0.03046875
2 0.0703125 0.4875 0.140625 0.33515625