6 0.6 0.46015625 0.03671875 0.0765625
6 0.52734375 0.48359375 0.0234375 0.0953125
2 0.31796875 0.61015625 0.0140625 0.0296875
2 0.3359375 0.62421875 0.02578125 0.034375
2 0.35390625 0.621875 0.021875 0.0390625
2 0.3703125 0.63359375 0.03359375 0.0578125
2 0.40234375 0.6453125 0.04921875 0.0953125
2 0.43046875 0.65703125 0.06640625 0.109375
2 0.4953125 0.6703125 0.1234375 0.14453125
2 0.296875 0.60546875 0.028125 0.0578125
2 0.30546875 0.63125 0.0265625 0.0421875
2 0.84375 0.75078125 0.31171875 0.44140625