6 0.51171875 0.33984375 0.01328125 0.0234375
6 0.54453125 0.3390625 0.04609375 0.02578125
2 0.56328125 0.4703125 0.14375 0.1640625
2 0.434375 0.4328125 0.01484375 0.0203125
2 0.45859375 0.446875 0.03515625 0.0484375
2 0.39375 0.4390625 0.03203125 0.03671875
2 0.3734375 0.44453125 0.01875 0.06328125
2 0.3578125 0.45390625 0.02734375 0.078125
2 0.33125 0.465625 0.0375 0.078125
2 0.25859375 0.44296875 0.115625 0.23671875
2 0.1578125 0.5296875 0.20625 0.3671875
2 0.075 0.5484375 0.14921875 0.52109375