2 0.11171875 0.88828125 0.1234375 0.11796875
2 0.26484375 0.853125 0.084375 0.09921875
2 0.42734375 0.84609375 0.046875 0.07265625
2 0.31796875 0.8515625 0.040625 0.07265625
2 0.4796875 0.83359375 0.0265625 0.046875
2 0.503125 0.8359375 0.03515625 0.05234375
2 0.53359375 0.8453125 0.05390625 0.0703125
2 0.565625 0.85 0.06796875 0.090625
2 0.659375 0.88046875 0.14140625 0.20234375
2 0.84765625 0.85546875 0.2984375 0.2890625
2 0.38984375 0.8359375 0.04375 0.05234375
7 0.384375 0.775 0.02109375 0.03203125
7 0.43671875 0.7765625 0.01484375 0.03359375
2 0.44375 0.83515625 0.015625 0.053125
7 0.415625 0.809375 0.01328125 0.01953125