2 0.11015625 0.59453125 0.2171875 0.3640625
2 0.46875 0.4984375 0.01484375 0.02421875
2 0.4765625 0.50546875 0.0171875 0.03046875
2 0.49921875 0.51640625 0.034375 0.046875
2 0.534375 0.53203125 0.04453125 0.075
2 0.56484375 0.54765625 0.06796875 0.10234375
2 0.4296875 0.48203125 0.01171875 0.0109375
2 0.42890625 0.4953125 0.01328125 0.01796875
2 0.421875 0.50234375 0.01640625 0.02890625
2 0.40234375 0.50703125 0.0328125 0.040625
2 0.36796875 0.51796875 0.046875 0.06328125
2 0.446875 0.48125 0.01015625 0.009375
2 0.44765625 0.5 0.015625 0.02109375
2 0.3140625 0.53046875 0.0828125 0.1140625
2 0.6421875 0.575 0.15703125 0.20078125