2 0.8765625 0.628125 0.24609375 0.50546875
2 0.546875 0.5546875 0.08828125 0.125
2 0.321875 0.525 0.06875 0.0828125
2 0.35234375 0.49921875 0.0609375 0.0921875
2 0.3890625 0.50703125 0.0203125 0.05
2 0.3984375 0.5015625 0.0125 0.02578125
2 0.40703125 0.4828125 0.01640625 0.021875
2 0.41484375 0.47109375 0.01171875 0.0203125
2 0.43125 0.4625 0.01015625 0.01328125
2 0.4296875 0.4859375 0.0125 0.01875
2 0.44375 0.4734375 0.0078125 0.015625
2 0.44765625 0.48125 0.009375 0.0171875
2 0.45234375 0.49375 0.01328125 0.02421875
2 0.46953125 0.51015625 0.025 0.05703125
2 0.484375 0.5203125 0.03515625 0.07421875
2 0.509375 0.53125 0.04375 0.0984375
6 0.47734375 0.475 0.009375 0.01328125
6 0.31640625 0.42578125 0.02578125 0.04453125
6 0.5953125 0.40703125 0.0375 0.07265625