2 0.07109375 0.77421875 0.1421875 0.25078125
2 0.88359375 0.825 0.2328125 0.3484375
2 0.196875 0.71015625 0.09765625 0.10390625
2 0.33515625 0.67421875 0.02109375 0.03203125
2 0.23203125 0.690625 0.0625 0.096875
2 0.26640625 0.684375 0.02734375 0.08046875
2 0.28671875 0.68359375 0.01484375 0.046875
2 0.29375 0.6796875 0.01953125 0.059375
2 0.31015625 0.67734375 0.01015625 0.0375
2 0.7171875 0.7453125 0.32109375 0.35078125
2 0.5484375 0.70859375 0.1359375 0.20625
2 0.478125 0.69375 0.071875 0.15078125
2 0.43828125 0.69140625 0.034375 0.1
2 0.4234375 0.68203125 0.03984375 0.096875
2 0.4015625 0.6859375 0.0265625 0.0609375
2 0.39609375 0.67890625 0.0421875 0.0609375
2 0.3734375 0.67265625 0.0296875 0.04296875
2 0.3640625 0.67109375 0.0203125 0.04453125
7 0.359375 0.60703125 0.00703125 0.01640625
6 0.1203125 0.53828125 0.0140625 0.0234375