2 0.87421875 0.6390625 0.18984375 0.18125
2 0.72109375 0.596875 0.08671875 0.090625
2 0.625 0.59765625 0.13828125 0.13984375
2 0.42578125 0.5609375 0.03828125 0.04453125
2 0.47109375 0.56015625 0.025 0.03203125
2 0.45234375 0.5609375 0.01953125 0.03984375
2 0.23828125 0.5890625 0.0609375 0.1265625
2 0.2890625 0.584375 0.07109375 0.1109375
2 0.12265625 0.59453125 0.2453125 0.2703125
2 0.49140625 0.56328125 0.01640625 0.01640625
2 0.53671875 0.56484375 0.0125 0.0140625
2 0.51953125 0.56015625 0.02578125 0.05
7 0.30234375 0.4875 0.01796875 0.03203125
7 0.73125 0.50390625 0.01640625 0.034375
7 0.4296875 0.41171875 0.0109375 0.0296875
7 0.58671875 0.4375 0.0125 0.02421875
7 0.38515625 0.44921875 0.0109375 0.021875
6 0.659375 0.43984375 0.02265625 0.034375
6 0.71640625 0.425 0.02265625 0.0140625
6 0.66015625 0.49609375 0.01796875 0.0140625
6 0.31796875 0.37890625 0.0296875 0.04453125
2 0.54609375 0.5609375 0.0125 0.021875
2 0.50390625 0.5609375 0.0078125 0.021875
6 0.7265625 0.44921875 0.01796875 0.0140625