7 0.3203125 0.49296875 0.009375 0.03359375
6 0.4984375 0.4953125 0.02421875 0.0578125
6 0.959375 0.00625 0.07109375 0.0109375
6 0.95703125 0.10546875 0.08359375 0.17890625
6 0.96328125 0.28671875 0.06796875 0.15625
4 0.83046875 0.621875 0.05703125 0.11171875
4 0.859375 0.59375 0.01875 0.02890625
4 0.81328125 0.59375 0.0171875 0.04765625
2 0.19453125 0.6921875 0.040625 0.1453125
1 0.63203125 0.66953125 0.346875 0.41953125
4 0.175 0.71328125 0.02734375 0.18828125
2 0.8640625 0.7390625 0.27109375 0.521875
2 0.34375 0.78984375 0.33515625 0.41484375
2 0.09296875 0.49765625 0.18515625 0.9953125