2 0.490625 0.2171875 0.0296875 0.0484375
2 0.50234375 0.23359375 0.03046875 0.04375
2 0.53359375 0.2296875 0.04609375 0.078125
2 0.559375 0.24375 0.05859375 0.084375
2 0.65859375 0.26484375 0.1546875 0.1875
2 0.44375 0.23203125 0.053125 0.08671875
2 0.38046875 0.19140625 0.05390625 0.1078125
2 0.3125 0.21484375 0.05546875 0.05703125
2 0.2421875 0.2125 0.0421875 0.0484375
2 0.071875 0.2125 0.08984375 0.07421875
2 0.02265625 0.22890625 0.0453125 0.0890625
2 0.21015625 0.20859375 0.02109375 0.03515625