2 0.43671875 0.25078125 0.0703125 0.10078125
2 0.52578125 0.2453125 0.06484375 0.07421875
2 0.6296875 0.2421875 0.09453125 0.10703125
2 0.35625 0.23671875 0.04609375 0.0640625
2 0.26484375 0.21796875 0.021875 0.02734375
2 0.22421875 0.215625 0.028125 0.0328125
2 0.03515625 0.22109375 0.06796875 0.06015625
2 0.3015625 0.21484375 0.01796875 0.02421875
2 0.38359375 0.221875 0.0171875 0.034375
2 0.48203125 0.2328125 0.03359375 0.04609375
6 0.4640625 0.17890625 0.02421875 0.01875
2 0.94375 0.5390625 0.1109375 0.2078125
2 0.8390625 0.38125 0.03125 0.0484375