7 0.471875 0.19453125 0.0125 0.021875
7 0.371875 0.20234375 0.0109375 0.021875
6 0.57265625 0.1921875 0.01328125 0.03046875
6 0.5125 0.2046875 0.0125 0.01796875
2 0.49921875 0.2359375 0.0390625 0.03046875
2 0.47109375 0.2328125 0.02265625 0.040625
2 0.3984375 0.24921875 0.015625 0.0203125
2 0.3890625 0.27109375 0.0296875 0.046875
2 0.3625 0.271875 0.03125 0.0578125
2 0.165625 0.29921875 0.04140625 0.0578125
2 0.11328125 0.3109375 0.059375 0.071875
2 0.04453125 0.31328125 0.0890625 0.08359375
2 0.2125 0.3046875 0.084375 0.09296875
2 0.31328125 0.3125 0.12265625 0.146875
2 0.490625 0.29765625 0.078125 0.10625
2 0.43671875 0.2359375 0.06484375 0.1265625
4 0.60390625 0.2453125 0.0171875 0.065625
4 0.62578125 0.24296875 0.0265625 0.0953125
6 0.134375 0.18515625 0.0296875 0.0203125