4 0.17109375 0.40546875 0.04296875 0.1453125
4 0.88515625 0.5203125 0.07578125 0.334375
4 0.98984375 0.5765625 0.01796875 0.31875
2 0.44375 0.4625 0.015625 0.04140625
2 0.42890625 0.45859375 0.01953125 0.05
2 0.4140625 0.4546875 0.01328125 0.05
2 0.4015625 0.44609375 0.02109375 0.0640625
2 0.37578125 0.43671875 0.0609375 0.08984375
2 0.3109375 0.43203125 0.1109375 0.1125
2 0.475 0.459375 0.03984375 0.05390625
2 0.5015625 0.471875 0.015625 0.02890625
2 0.515625 0.46875 0.009375 0.02890625
2 0.52578125 0.471875 0.0125 0.0328125
2 0.53984375 0.46796875 0.02109375 0.0484375
2 0.55078125 0.4640625 0.03203125 0.065625
2 0.57890625 0.46328125 0.04453125 0.084375
2 0.64296875 0.4640625 0.11484375 0.16640625
2 0.75 0.50625 0.2125 0.23125
6 0.67265625 0.32421875 0.01953125 0.02578125
6 0.78984375 0.36640625 0.01328125 0.02734375