2 0.33671875 0.3921875 0.0171875 0.02109375
2 0.3578125 0.39609375 0.0171875 0.02265625
2 0.32265625 0.39375 0.015625 0.01796875
2 0.3 0.39375 0.0265625 0.02421875
2 0.26796875 0.39453125 0.025 0.02421875
2 0.2390625 0.39140625 0.03515625 0.02734375
2 0.20078125 0.39921875 0.03203125 0.02421875
2 0.16015625 0.39140625 0.02734375 0.03359375
2 0.1328125 0.3953125 0.034375 0.03203125
2 0.10234375 0.396875 0.0359375 0.04140625
2 0.0671875 0.39453125 0.03828125 0.03828125
2 0.0234375 0.40390625 0.0453125 0.04921875
2 0.5703125 0.39921875 0.01796875 0.02734375
2 0.434375 0.40390625 0.01875 0.03046875
2 0.453125 0.409375 0.015625 0.03671875
2 0.50703125 0.46875 0.140625 0.20859375
2 0.7609375 0.45859375 0.20234375 0.22109375
6 0.975 0.3046875 0.02109375 0.03203125
6 0.97578125 0.1421875 0.0453125 0.08125