7 0.3 0.48125 0.0109375 0.04609375
6 0.35234375 0.5828125 0.015625 0.02421875
7 0.24296875 0.57265625 0.0125 0.01953125
7 0.44609375 0.60234375 0.00859375 0.0171875
7 0.9640625 0.33671875 0.02109375 0.10078125
4 0.5421875 0.6703125 0.0234375 0.09765625
4 0.44375 0.66328125 0.0109375 0.03671875
4 0.43046875 0.65859375 0.01171875 0.0421875
2 0.20625 0.63359375 0.04375 0.053125
2 0.41015625 0.653125 0.01484375 0.02421875
2 0.39375 0.6546875 0.015625 0.02265625
2 0.37265625 0.659375 0.025 0.040625
2 0.4625 0.6609375 0.0296875 0.03515625
2 0.4890625 0.665625 0.0234375 0.03125
2 0.91171875 0.68515625 0.1765625 0.16640625
7 0.3109375 0.4765625 0.0125 0.046875