2 0.525 0.69375 0.22578125 0.3640625
2 0.7046875 0.6125 0.084375 0.11328125
2 0.82265625 0.61484375 0.08515625 0.103125
2 0.77109375 0.6015625 0.0546875 0.0640625
2 0.61953125 0.5671875 0.015625 0.0328125
2 0.63515625 0.5765625 0.02734375 0.046875
2 0.65390625 0.58515625 0.040625 0.05546875
2 0.59765625 0.5234375 0.0125 0.0234375
1 0.6171875 0.534375 0.01640625 0.03828125
6 0.76484375 0.5078125 0.03671875 0.065625
6 0.86171875 0.50390625 0.03671875 0.0453125
6 0.965625 0.5234375 0.01953125 0.059375
2 0.08125 0.340625 0.15859375 0.159375
6 0.43515625 0.4625 0.02421875 0.0703125
6 0.23671875 0.30625 0.02265625 0.0578125
6 0.81328125 0.54453125 0.02421875 0.0265625
2 0.23828125 0.425 0.04140625 0.0265625