2 0.24453125 0.3453125 0.0328125 0.03828125
2 0.165625 0.3453125 0.04921875 0.04765625
2 0.675 0.36171875 0.04375 0.05625
2 0.7421875 0.35703125 0.040625 0.10859375
2 0.60859375 0.34375 0.009375 0.01953125
2 0.60078125 0.3515625 0.0171875 0.03515625
2 0.6328125 0.35703125 0.05078125 0.08125
2 0.5453125 0.38359375 0.12109375 0.18828125
2 0.296875 0.3609375 0.07734375 0.0734375
2 0.86953125 0.4015625 0.25859375 0.803125
6 0.240625 0.1421875 0.140625 0.0625
6 0.25 0.1 0.0671875 0.03359375
6 0.5875 0.278125 0.03359375 0.02578125
6 0.52265625 0.27890625 0.015625 0.03359375