6 0.353125 0.50234375 0.0703125 0.025
6 0.2796875 0.53984375 0.01640625 0.025
2 0.27421875 0.56640625 0.01796875 0.02265625
2 0.0859375 0.56328125 0.046875 0.05703125
2 0.0203125 0.55234375 0.040625 0.10703125
2 0.4109375 0.5828125 0.02578125 0.06015625
2 0.42890625 0.57265625 0.0109375 0.034375
1 0.5171875 0.5609375 0.090625 0.128125
1 0.59375 0.57109375 0.0640625 0.09765625
2 0.6234375 0.603125 0.0703125 0.0765625
2 0.4578125 0.59921875 0.06640625 0.09296875
2 0.3515625 0.59921875 0.11015625 0.18203125
2 0.86953125 0.6453125 0.2609375 0.221875
2 0.97109375 0.7796875 0.0578125 0.109375