7 0.41328125 0.43125 0.01171875 0.05234375
7 0.35 0.42109375 0.0140625 0.065625
7 0.06875 0.48984375 0.01171875 0.0546875
7 0.07734375 0.4921875 0.00703125 0.04609375
7 0.0375 0.12109375 0.03203125 0.165625
7 0.68359375 0.29296875 0.0296875 0.090625
7 0.6375 0.33984375 0.0234375 0.0953125
7 0.60703125 0.35546875 0.02265625 0.0671875
7 0.8203125 0.4359375 0.0390625 0.04375
7 0.78515625 0.43828125 0.02109375 0.04375
7 0.78359375 0.33671875 0.02109375 0.12734375
6 0.38203125 0.4453125 0.0328125 0.025
6 0.8828125 0.35703125 0.06796875 0.125
6 0.9234375 0.5265625 0.01171875 0.0203125
7 0.57421875 0.5203125 0.01171875 0.025
7 0.5609375 0.478125 0.0140625 0.0484375
6 0.209375 0.55625 0.01015625 0.0140625
6 0.2 0.55703125 0.0125 0.01640625
6 0.13203125 0.5875 0.01171875 0.0203125
2 0.253125 0.58203125 0.0140625 0.025
2 0.19921875 0.5921875 0.028125 0.0421875
2 0.1609375 0.59765625 0.05234375 0.04921875
2 0.2265625 0.5921875 0.03671875 0.04609375
2 0.55703125 0.5890625 0.0390625 0.03515625
2 0.52734375 0.584375 0.0390625 0.03359375
2 0.91875 0.60625 0.134375 0.08671875
2 0.76875 0.60625 0.12578125 0.06953125
2 0.09609375 0.6109375 0.0703125 0.10390625
2 0.04453125 0.63515625 0.0890625 0.3140625
2 0.38359375 0.67578125 0.384375 0.33984375
4 0.596875 0.6 0.0140625 0.06015625
1 0.35546875 0.49921875 0.07890625 0.03046875