6 0.190625 0.16953125 0.05 0.11796875
6 0.7 0.37109375 0.01640625 0.03359375
6 0.7015625 0.43671875 0.01875 0.01171875
6 0.7015625 0.45390625 0.009375 0.02109375
6 0.76875 0.4109375 0.0234375 0.01875
6 0.634375 0.40703125 0.05234375 0.05078125
6 0.40546875 0.4421875 0.01484375 0.0359375
2 0.396875 0.4953125 0.01484375 0.01875
2 0.37734375 0.49296875 0.01484375 0.02890625
2 0.3609375 0.49140625 0.0234375 0.04140625
2 0.3328125 0.49921875 0.02890625 0.03125
2 0.265625 0.4640625 0.06796875 0.140625
2 0.20078125 0.51171875 0.075 0.07109375
2 0.17734375 0.48671875 0.05390625 0.0609375
2 0.10234375 0.53125 0.128125 0.10546875
2 0.03515625 0.52109375 0.06796875 0.12109375
6 0.04140625 0.415625 0.021875 0.01875
2 0.43828125 0.50234375 0.03046875 0.0484375
2 0.58671875 0.53125 0.075 0.1265625
2 0.66015625 0.54375 0.06484375 0.07578125
2 0.8015625 0.52265625 0.09140625 0.06328125
2 0.7203125 0.55859375 0.10390625 0.10546875
2 0.496875 0.521875 0.103125 0.184375
2 0.96640625 0.63125 0.0671875 0.196875