6 0.54140625 0.46640625 0.0265625 0.04296875
6 0.50078125 0.415625 0.01484375 0.0203125
6 0.53515625 0.41640625 0.01796875 0.01796875
6 0.57265625 0.41875 0.0109375 0.0140625
2 0.53203125 0.49296875 0.01953125 0.028125
2 0.5125 0.496875 0.01953125 0.02421875
2 0.49453125 0.50234375 0.034375 0.01796875
2 0.45625 0.50703125 0.04296875 0.04921875
2 0.4171875 0.50234375 0.03203125 0.046875
2 0.390625 0.51171875 0.0171875 0.028125
2 0.3375 0.50546875 0.02734375 0.053125
2 0.55390625 0.496875 0.025 0.053125
2 0.26953125 0.51640625 0.0671875 0.071875
2 0.3640625 0.51953125 0.05234375 0.065625
2 0.4890625 0.51875 0.03828125 0.046875
2 0.5953125 0.52890625 0.0921875 0.1265625
2 0.11796875 0.66640625 0.2359375 0.4421875
7 0.4765625 0.471875 0.01015625 0.015625
7 0.46015625 0.47265625 0.0109375 0.0140625