7 0.40859375 0.3953125 0.01171875 0.025
6 0.54765625 0.425 0.01484375 0.01171875
2 0.5203125 0.475 0.01015625 0.02265625
2 0.440625 0.4609375 0.01640625 0.0265625
2 0.4328125 0.46796875 0.01953125 0.0375
2 0.3015625 0.4890625 0.02578125 0.05
2 0.27265625 0.4875 0.0484375 0.06328125
2 0.24609375 0.49765625 0.04140625 0.05859375
2 0.1984375 0.4953125 0.06171875 0.08828125
2 0.5296875 0.4765625 0.01484375 0.04140625
2 0.5375 0.47890625 0.0140625 0.04609375
2 0.5453125 0.48046875 0.01953125 0.04609375
2 0.55625 0.484375 0.01953125 0.05234375
2 0.48046875 0.45078125 0.07578125 0.1609375
2 0.1125 0.50703125 0.11953125 0.1203125
2 0.3703125 0.51875 0.1296875 0.178125
2 0.77890625 0.3578125 0.440625 0.715625