6 0.6140625 0.35703125 0.01328125 0.0234375
6 0.28359375 0.390625 0.00625 0.009375
6 0.28203125 0.3984375 0.01328125 0.00859375
6 0.28125 0.40703125 0.01796875 0.00859375
6 0.29296875 0.42265625 0.0109375 0.01171875
7 0.39296875 0.34609375 0.0109375 0.03046875
7 0.5375 0.35078125 0.009375 0.0234375
7 0.5734375 0.41171875 0.00703125 0.0171875
6 0.39296875 0.45703125 0.00859375 0.02109375
2 0.26640625 0.47734375 0.0546875 0.06796875
2 0.5875 0.453125 0.02265625 0.028125
2 0.5625 0.4515625 0.0109375 0.01875
2 0.55 0.4578125 0.0140625 0.02109375
2 0.52109375 0.46953125 0.053125 0.08125
2 0.33359375 0.50234375 0.12109375 0.13359375
2 0.0796875 0.51796875 0.1578125 0.1421875
2 0.64140625 0.45390625 0.01328125 0.0171875
2 0.63515625 0.4515625 0.01015625 0.01484375
2 0.40859375 0.45625 0.01640625 0.0265625
2 0.43671875 0.45 0.04140625 0.0390625