7 0.26328125 0.0515625 0.0296875 0.10234375
7 0.09296875 0.0265625 0.0328125 0.05234375
7 0.13125 0.02265625 0.021875 0.03515625
6 0.32421875 0.140625 0.08203125 0.0484375
7 0.44375 0.2890625 0.01953125 0.07890625
7 0.45078125 0.38828125 0.01953125 0.03359375
7 0.6421875 0.2484375 0.0359375 0.10078125
7 0.69453125 0.265625 0.0234375 0.07421875
7 0.659375 0.36875 0.0171875 0.0484375
6 0.678125 0.0828125 0.0296875 0.071875
6 0.67890625 0.134375 0.04453125 0.08359375
6 0.45859375 0.35234375 0.0390625 0.02890625
6 0.40703125 0.3796875 0.02890625 0.0703125
4 0.65625 0.5265625 0.05078125 0.15703125
2 0.9328125 0.4984375 0.13203125 0.29609375
3 0.040625 0.54296875 0.0796875 0.25625
2 0.31796875 0.5046875 0.00859375 0.01328125
2 0.3359375 0.50625 0.00859375 0.015625
2 0.32109375 0.509375 0.0078125 0.01484375
6 0.428125 0.44453125 0.01484375 0.02109375