1 0.1375 0.37890625 0.27109375 0.4828125
2 0.4734375 0.5171875 0.06875 0.1046875
2 0.52109375 0.5234375 0.034375 0.0640625
2 0.584375 0.51953125 0.02265625 0.03515625
1 0.60078125 0.509375 0.02734375 0.0390625
2 0.55234375 0.51015625 0.0109375 0.01640625
7 0.5375 0.2890625 0.01640625 0.06796875
7 0.68046875 0.42578125 0.01015625 0.0390625
6 0.765625 0.4234375 0.01640625 0.0203125
6 0.79453125 0.4390625 0.03203125 0.01875
7 0.5625 0.44609375 0.00625 0.021875
6 0.5546875 0.44921875 0.0109375 0.01171875
6 0.6640625 0.40234375 0.0140625 0.07265625
6 0.67421875 0.4671875 0.02890625 0.0203125
6 0.4171875 0.453125 0.0109375 0.02890625
4 0.88359375 0.55703125 0.025 0.103125