7 0.55703125 0.2703125 0.0109375 0.0578125
7 0.48984375 0.425 0.00859375 0.0296875
7 0.42265625 0.4265625 0.00859375 0.03203125
7 0.0140625 0.01015625 0.021875 0.0203125
7 0.071875 0.40859375 0.0140625 0.0390625
7 0.6828125 0.421875 0.0125 0.02734375
6 0.071875 0.309375 0.021875 0.02734375
6 0.665625 0.29609375 0.01796875 0.0390625
2 0.5359375 0.4953125 0.021875 0.0484375
2 0.55546875 0.49921875 0.0375 0.06484375
0 0.5796875 0.53046875 0.02421875 0.0765625
2 0.44921875 0.48359375 0.028125 0.0390625
2 0.50390625 0.4875 0.04140625 0.07421875
2 0.028125 0.534375 0.05625 0.12109375
2 0.9359375 0.6046875 0.128125 0.30390625
7 0.671875 0.4203125 0.0109375 0.034375
7 0.3890625 0.4640625 0.00859375 0.015625
4 0.16171875 0.48359375 0.01796875 0.07265625
4 0.3375 0.48671875 0.01171875 0.04609375
4 0.67421875 0.50703125 0.021875 0.09765625
2 0.89609375 0.54609375 0.09140625 0.1265625
7 0.46953125 0.45625 0.00546875 0.02109375