6 0.51328125 0.55703125 0.03515625 0.028125
4 0.49140625 0.61484375 0.0125 0.01484375
4 0.47890625 0.6140625 0.0125 0.0125
4 0.4640625 0.61328125 0.0109375 0.01015625
4 0.453125 0.61328125 0.0109375 0.01015625
4 0.421875 0.6140625 0.0125 0.0171875
2 0.521875 0.628125 0.0359375 0.0640625
2 0.5890625 0.6296875 0.0234375 0.0515625
1 0.5671875 0.59296875 0.0453125 0.0234375
2 0.6046875 0.61328125 0.02890625 0.059375
2 0.1359375 0.615625 0.07265625 0.059375
2 0.21328125 0.61015625 0.0359375 0.03046875
2 0.27421875 0.61796875 0.05625 0.0375
2 0.33125 0.61328125 0.04140625 0.0328125
2 0.40625 0.615625 0.025 0.0234375
2 0.71796875 0.64765625 0.07265625 0.0734375
2 0.6375 0.63359375 0.03203125 0.0375
2 0.55234375 0.66640625 0.09375 0.13359375
6 0.703125 0.5890625 0.0171875 0.028125
2 0.4359375 0.61640625 0.0171875 0.01953125