7 0.5546875 0.15859375 0.01484375 0.06796875
7 0.8875 0.22109375 0.01328125 0.059375
7 0.27265625 0.4 0.0171875 0.034375
7 0.253125 0.36484375 0.02265625 0.0390625
7 0.5734375 0.1578125 0.0125 0.065625
7 0.875 0.22109375 0.01328125 0.04296875
7 0.9015625 0.22421875 0.015625 0.04921875
7 0.2296875 0.36171875 0.0203125 0.028125
7 0.54765625 0.1671875 0.01015625 0.059375
6 0.24921875 0.265625 0.03125 0.0828125
2 0.28046875 0.46015625 0.0828125 0.046875
2 0.19140625 0.528125 0.2203125 0.15625
2 0.69296875 0.48203125 0.0390625 0.06171875
2 0.74453125 0.49921875 0.08359375 0.103125
2 0.38125 0.47109375 0.10859375 0.09296875
2 0.5984375 0.52421875 0.19375 0.2703125
2 0.0421875 0.521875 0.084375 0.203125
2 0.890625 0.51484375 0.21875 0.346875