6 0.32265625 0.45703125 0.02109375 0.03515625
6 0.3546875 0.36171875 0.059375 0.0796875
6 0.42109375 0.35859375 0.0609375 0.078125
6 0.396875 0.45234375 0.02109375 0.01796875
6 0.396875 0.46875 0.01953125 0.01484375
6 0.37109375 0.46796875 0.0109375 0.01640625
6 0.38203125 0.4375 0.01328125 0.0109375
6 0.46875 0.43203125 0.01328125 0.0328125
6 0.45703125 0.4546875 0.0203125 0.0234375
6 0.82109375 0.17265625 0.1609375 0.25390625
6 0.825 0.31640625 0.034375 0.0484375
6 0.746875 0.33359375 0.02890625 0.0515625
6 0.74140625 0.32265625 0.0765625 0.059375
2 0.69765625 0.41328125 0.02734375 0.02578125
2 0.628125 0.4015625 0.02109375 0.0234375
2 0.55859375 0.40390625 0.02109375 0.0296875
2 0.3875 0.4046875 0.01484375 0.0125
2 0.34375 0.4125 0.01484375 0.01640625
2 0.36484375 0.4078125 0.009375 0.0109375
2 0.02265625 0.45859375 0.0453125 0.03125
2 0.06015625 0.45390625 0.021875 0.01796875
2 0.1046875 0.4484375 0.01796875 0.01796875
2 0.08203125 0.45 0.02265625 0.01796875
2 0.12265625 0.4484375 0.01796875 0.01796875
2 0.14296875 0.44921875 0.025 0.01640625
2 0.165625 0.4484375 0.021875 0.01484375
2 0.18671875 0.446875 0.02109375 0.021875
2 0.20703125 0.44609375 0.01875 0.01640625
2 0.221875 0.44375 0.0125 0.01640625
2 0.01171875 0.409375 0.02265625 0.0296875
2 0.0453125 0.40625 0.02734375 0.0234375
2 0.08359375 0.40625 0.01953125 0.0203125
2 0.10078125 0.40625 0.01640625 0.01640625
2 0.13046875 0.4046875 0.0421875 0.0234375
2 0.175 0.40234375 0.03046875 0.03125
2 0.22734375 0.396875 0.02109375 0.0203125
2 0.259375 0.390625 0.01953125 0.01484375
2 0.1953125 0.39921875 0.01015625 0.0234375
2 0.2921875 0.39140625 0.0421875 0.02734375
2 0.66328125 0.40234375 0.03359375 0.02734375
2 0.2328125 0.44140625 0.0125 0.01484375
6 0.4765625 0.45546875 0.0109375 0.01796875
6 0.6921875 0.3828125 0.0109375 0.0140625
2 0.4296875 0.446875 0.03125 0.04609375