7 0.48515625 0.5921875 0.0171875 0.03671875
2 0.35546875 0.66953125 0.03671875 0.075
2 0.32421875 0.6734375 0.02734375 0.071875
2 0.29609375 0.675 0.03125 0.075
2 0.2625 0.67890625 0.03671875 0.0828125
2 0.2203125 0.6828125 0.0484375 0.08828125
2 0.1703125 0.6890625 0.05 0.08984375
2 0.1171875 0.6890625 0.05625 0.103125
2 0.04609375 0.6875 0.08984375 0.10625
2 0.5125 0.6515625 0.0265625 0.05546875
2 0.5296875 0.659375 0.03671875 0.07578125
2 0.5578125 0.665625 0.046875 0.09921875
2 0.62265625 0.68984375 0.1203125 0.16640625
2 0.48046875 0.6625 0.01875 0.0296875
2 0.45703125 0.6703125 0.01640625 0.0234375
6 0.696875 0.48515625 0.0375 0.10078125
6 0.83671875 0.53671875 0.01875 0.04453125