7 0.2140625 0.02265625 0.01875 0.0453125
7 0.24140625 0.02890625 0.0234375 0.0578125
7 0.16171875 0.253125 0.0109375 0.04375
7 0.521875 0.33203125 0.015625 0.028125
7 0.79921875 0.17265625 0.0125 0.0546875
6 0.159375 0.28203125 0.0234375 0.0171875
6 0.74140625 0.2828125 0.02578125 0.06171875
6 0.73984375 0.41796875 0.01015625 0.02265625
6 0.7390625 0.4421875 0.01171875 0.02421875
2 0.2953125 0.34609375 0.04609375 0.07421875
2 0.80703125 0.43359375 0.01796875 0.053125
2 0.9921875 0.425 0.015625 0.03671875
2 0.98359375 0.42578125 0.02421875 0.0375
2 0.9625 0.428125 0.02109375 0.0390625
2 0.95078125 0.43046875 0.021875 0.03671875
2 0.9125 0.42109375 0.0609375 0.06328125
4 0.83671875 0.4140625 0.01015625 0.02109375
4 0.85859375 0.42890625 0.01640625 0.0546875
2 0.83515625 0.425 0.046875 0.05859375
2 0.87265625 0.4171875 0.040625 0.07421875
2 0.75625 0.42734375 0.08125 0.07265625
2 0.384375 0.40078125 0.071875 0.1171875
4 0.2109375 0.37578125 0.02109375 0.07578125
4 0.47109375 0.40390625 0.02109375 0.07578125
6 0.834375 0.29609375 0.01875 0.04609375
4 0.26640625 0.35859375 0.00625 0.05